lr_decay_factor: 0.981664601178304
lr_initial: 5.812930021524817
lr_power: 1.094237841376886
opt_momentum: 0.9766850428933651
