lr_decay_factor: 0.9797724679766685
lr_initial: 5.794028064700091
lr_power: 1.0905679434980189
opt_momentum: 0.9747542230935221
