lr_decay_factor: 0.989012
lr_initial: 5.970446328397536
lr_power: 1.1248203237007786
opt_momentum: 0.9927752078920564
