lr_decay_factor: 0.14687780241946147
lr_initial: 5.7812793475303135
lr_power: 1.112866208702935
opt_momentum: 0.9238778018073872
