lr_decay_factor: 0.5458542736624267
lr_initial: 6.415779406286005
lr_power: 1.9771912921325367
opt_momentum: 0.9429049066014331
