lr_decay_factor: 0.9764086756182057
lr_initial: 5.760424585900578
lr_power: 1.0840436806022553
opt_momentum: 0.971321654560468
