lr_decay_factor: 0.0449347434519093
lr_initial: 1.8123727831251892
lr_power: 1.2463572991897423
opt_momentum: 0.9924526812899787
