lr_decay_factor: 0.9509612004821943
lr_initial: 3.2804265608013248
lr_power: 0.31401242903155835
opt_momentum: 0.5491772384174721
