alpha: 0.49698459560164665
s: 0.00011617627097109456
