alpha: 0.93643192230702
s: 0.021265410989113668
