alpha: 0.3365766116907778
s: 0.02353992336416746
