alpha: 0.23955062740611444
s: 0.39872226338922784
