alpha: 0.7862635378304327
s: 0.0031019591613098444
