alpha: 0.4810093527512139
s: 0.017031295508923235
