alpha: 0.815402512521757
s: 100.50363666627568
