alpha: 0.85839764020743
s: 86.7989971906742
