alpha: 0.7241349811723328
s: 19.074365530854497
