alpha: 0.09057019926571874
s: 0.8588511098016198
