alpha: 0.2258631150916275
s: 0.3278090026408541
