alpha: 0.06989657105929825
s: 105.96126374927307
