alpha: 0.8861593833799262
s: 147.9912125053336
