alpha: 0.08203832961305635
s: 794.6612225422579
