alpha: 0.9236674942792127
s: 883.7194371591822
