alpha: 0.5084736168304771
s: 0.023859621616843702
