alpha: 0.3479330893023185
s: 0.0001615336735812855
