alpha: 0.8712417428125592
s: 598.5619302115715
