alpha: 0.1698922066680566
s: 3.3190957383410655
