alpha: 0.5555166189535113
s: 0.0002040884959827641
