alpha: 0.16312576063394546
s: 788.2292268577941
