alpha: 0.2302799784053815
s: 0.001026768170954568
