alpha: 0.9782969455435547
s: 0.8737627755689009
