alpha: 0.3832111930100426
s: 0.0003711187750570361
