alpha: 0.7851262445503853
s: 311.9233722369841
