alpha: 0.8249878301248026
s: 0.039096849654895675
