alpha: 0.20003358738110655
s: 0.023765911140845437
