alpha: 0.466277167679643
s: 3.2296547344343955
