alpha: 0.2125827352762889
s: 1.3650599399051908
