alpha: 0.23955062740611444
s: 358.94132046300507
