alpha: 0.4171827020631458
s: 0.0004101887699041858
