alpha: 0.12215145804408822
s: 7.420060910754184
