alpha: 0.3751124839557589
s: 0.014335293816440489
