alpha: 0.9491934197685438
s: 704.8206486259471
