alpha: 0.8249878301248026
s: 255.29218288818663
