alpha: 0.6771144715886313
s: 0.00039206623711777593
