alpha: 0.9033303148112821
s: 576.2110281884873
