alpha: 0.38654537043221826
s: 2.712736965056505
