alpha: 0.4541650995150821
s: 7.026949179125437
