alpha: 0.31878988652436235
s: 30.82262459502777
