lr_decay_factor: 0.9403404692805815
lr_initial: 6.732392200377615
lr_power: 0.8683746934218375
opt_momentum: 0.4180295730077207
