lr_decay_factor: 0.8953479446264558
lr_initial: 1.7303639661857493
lr_power: 0.9433986715434544
opt_momentum: 0.40964661683024967
