lr_decay_factor: 0.027703448521246753
lr_initial: 0.0017493258247007054
lr_power: 0.9956374071396163
opt_momentum: 0.8026426540285759
