lr_decay_factor: 0.9455992941610551
lr_initial: 6.78487152064203
lr_power: 0.8785711790218803
opt_momentum: 0.42339296134061777
