lr_decay_factor: 0.9437061172040845
lr_initial: 6.76597896534684
lr_power: 0.874900444205865
opt_momentum: 0.4214621415407748
