lr_decay_factor: 0.10443236541494341
lr_initial: 7.827410822062641
lr_power: 0.16312406924971729
opt_momentum: 0.47841544321382234
