lr_decay_factor: 0.9647484010989409
lr_initial: 3.774804344068599
lr_power: 1.7632025059672092
opt_momentum: 0.6725119525468878
