lr_decay_factor: 0.961375768802476
lr_initial: 6.942309481435273
lr_power: 0.9091606358220088
opt_momentum: 0.4394831263393091
