Activation: Hardswish
LearningRate: 0.08640241136721004
N: 5
Op1: 0
Op2: 2
Op3: 1
Op4: 4
Op5: 0
Op6: 3
Optimizer: SGD
Resolution: 1.0
TrivialAugment: false
W: 16
WeightDecay: 0.0021344951309133216
