Activation: ReLU
LearningRate: 0.016985334712772544
N: 5
Op1: 0
Op2: 2
Op3: 2
Op4: 0
Op5: 0
Op6: 0
Optimizer: SGD
Resolution: 1.0
TrivialAugment: true
W: 16
WeightDecay: 0.006088872326931199
