Activation: Hardswish
LearningRate: 0.5711197299136336
N: 5
Op1: 3
Op2: 0
Op3: 1
Op4: 2
Op5: 1
Op6: 4
Optimizer: SGD
Resolution: 1.0
TrivialAugment: false
W: 16
WeightDecay: 2.7299541667147873e-05
