Activation: Mish
LearningRate: 0.3081839932567507
N: 5
Op1: 1
Op2: 3
Op3: 1
Op4: 3
Op5: 0
Op6: 2
Optimizer: SGD
Resolution: 1.0
TrivialAugment: false
W: 16
WeightDecay: 2.6902275660879083e-05
