Activation: ReLU
LearningRate: 0.6931617525919087
N: 5
Op1: 4
Op2: 4
Op3: 2
Op4: 3
Op5: 0
Op6: 4
Optimizer: SGD
Resolution: 1.0
TrivialAugment: false
W: 16
WeightDecay: 0.0004965488964574167
