Activation: ReLU
LearningRate: 0.08889341880937507
N: 5
Op1: 0
Op2: 4
Op3: 3
Op4: 0
Op5: 2
Op6: 1
Optimizer: SGD
Resolution: 1.0
TrivialAugment: true
W: 16
WeightDecay: 0.0063916611871313225
