Activation: ReLU
LearningRate: 0.021397285495674163
N: 5
Op1: 1
Op2: 3
Op3: 4
Op4: 1
Op5: 2
Op6: 3
Optimizer: SGD
Resolution: 1.0
TrivialAugment: false
W: 16
WeightDecay: 0.0017882832527607129
