Activation: ReLU
LearningRate: 0.3458858137056749
N: 5
Op1: 1
Op2: 2
Op3: 3
Op4: 1
Op5: 3
Op6: 0
Optimizer: SGD
Resolution: 1.0
TrivialAugment: false
W: 16
WeightDecay: 3.1337373319853175e-05
