Activation: ReLU
LearningRate: 0.03584739875476992
N: 5
Op1: 3
Op2: 0
Op3: 0
Op4: 1
Op5: 3
Op6: 3
Optimizer: SGD
Resolution: 1.0
TrivialAugment: true
W: 16
WeightDecay: 3.066313330126221e-05
