Activation: ReLU
LearningRate: 0.22006464253349325
N: 5
Op1: 1
Op2: 3
Op3: 1
Op4: 1
Op5: 0
Op6: 4
Optimizer: SGD
Resolution: 1.0
TrivialAugment: true
W: 16
WeightDecay: 6.661182311234017e-05
