Activation: ReLU
LearningRate: 0.003914287256840738
N: 5
Op1: 3
Op2: 2
Op3: 1
Op4: 3
Op5: 0
Op6: 2
Optimizer: SGD
Resolution: 1.0
TrivialAugment: true
W: 16
WeightDecay: 0.00037000695615570564
