Activation: Hardswish
LearningRate: 0.008706037847015432
N: 5
Op1: 1
Op2: 1
Op3: 4
Op4: 2
Op5: 0
Op6: 1
Optimizer: SGD
Resolution: 1.0
TrivialAugment: false
W: 16
WeightDecay: 0.006060741222490684
