Activation: Hardswish
LearningRate: 0.6058142733312711
N: 5
Op1: 3
Op2: 0
Op3: 3
Op4: 4
Op5: 0
Op6: 2
Optimizer: SGD
Resolution: 1.0
TrivialAugment: true
W: 16
WeightDecay: 0.00236620020120188
