Activation: Hardswish
LearningRate: 0.10214993871440806
N: 5
Op1: 1
Op2: 0
Op3: 0
Op4: 0
Op5: 3
Op6: 2
Optimizer: SGD
Resolution: 1.0
TrivialAugment: true
W: 16
WeightDecay: 0.0026434668351371076
