Activation: ReLU
LearningRate: 0.5106720908272605
N: 5
Op1: 4
Op2: 1
Op3: 2
Op4: 4
Op5: 4
Op6: 1
Optimizer: SGD
Resolution: 1.0
TrivialAugment: true
W: 16
WeightDecay: 0.0025109312248138417
