Activation: ReLU
LearningRate: 0.08407283304216635
N: 5
Op1: 4
Op2: 2
Op3: 2
Op4: 4
Op5: 2
Op6: 2
Optimizer: SGD
Resolution: 1.0
TrivialAugment: true
W: 16
WeightDecay: 0.001078928238835592
