Activation: Mish
LearningRate: 0.6265431344273424
N: 5
Op1: 4
Op2: 3
Op3: 1
Op4: 4
Op5: 1
Op6: 2
Optimizer: SGD
Resolution: 1.0
TrivialAugment: false
W: 16
WeightDecay: 0.00018722933644475787
