Activation: ReLU
LearningRate: 0.05567053480435731
N: 5
Op1: 3
Op2: 0
Op3: 1
Op4: 2
Op5: 3
Op6: 0
Optimizer: SGD
Resolution: 1.0
TrivialAugment: false
W: 16
WeightDecay: 0.00026521130719425143
