Activation: ReLU
LearningRate: 0.6406446628303935
N: 5
Op1: 0
Op2: 3
Op3: 1
Op4: 4
Op5: 1
Op6: 0
Optimizer: SGD
Resolution: 1.0
TrivialAugment: false
W: 16
WeightDecay: 0.00015596620715924278
