Activation: ReLU
LearningRate: 0.059367224629645894
N: 5
Op1: 0
Op2: 3
Op3: 0
Op4: 3
Op5: 3
Op6: 3
Optimizer: SGD
Resolution: 1.0
TrivialAugment: true
W: 16
WeightDecay: 6.374346244131464e-05
