Activation: Hardswish
LearningRate: 0.048305036155893315
N: 5
Op1: 0
Op2: 4
Op3: 4
Op4: 2
Op5: 4
Op6: 4
Optimizer: SGD
Resolution: 1.0
TrivialAugment: true
W: 16
WeightDecay: 8.070268185915884e-05
