Activation: ReLU
LearningRate: 0.5519326346081436
N: 5
Op1: 1
Op2: 3
Op3: 1
Op4: 3
Op5: 3
Op6: 4
Optimizer: SGD
Resolution: 1.0
TrivialAugment: true
W: 16
WeightDecay: 0.0007430475750099702
