Activation: Hardswish
LearningRate: 0.014260072850496922
N: 5
Op1: 0
Op2: 1
Op3: 2
Op4: 3
Op5: 3
Op6: 0
Optimizer: SGD
Resolution: 1.0
TrivialAugment: true
W: 16
WeightDecay: 0.0030675897842733003
