Activation: Hardswish
LearningRate: 0.001898464261248835
N: 5
Op1: 1
Op2: 3
Op3: 1
Op4: 0
Op5: 2
Op6: 4
Optimizer: SGD
Resolution: 0.5
TrivialAugment: true
W: 16
WeightDecay: 0.0070315158824455016
