Activation: ReLU
LearningRate: 0.17733342854530834
N: 5
Op1: 2
Op2: 1
Op3: 1
Op4: 4
Op5: 0
Op6: 2
Optimizer: SGD
Resolution: 1.0
TrivialAugment: true
W: 16
WeightDecay: 0.00028622015056426435
