Activation: Hardswish
LearningRate: 0.34253868771705753
N: 5
Op1: 2
Op2: 4
Op3: 3
Op4: 3
Op5: 2
Op6: 4
Optimizer: SGD
Resolution: 1.0
TrivialAugment: true
W: 16
WeightDecay: 0.00048457178537439594
