Activation: ReLU
LearningRate: 0.01270371783968173
N: 5
Op1: 0
Op2: 2
Op3: 0
Op4: 3
Op5: 2
Op6: 0
Optimizer: SGD
Resolution: 1.0
TrivialAugment: false
W: 16
WeightDecay: 0.00945343635121413
