Activation: Hardswish
LearningRate: 0.07681711069433854
N: 5
Op1: 4
Op2: 4
Op3: 1
Op4: 1
Op5: 4
Op6: 4
Optimizer: SGD
Resolution: 1.0
TrivialAugment: false
W: 16
WeightDecay: 0.004613097812216664
