Activation: Hardswish
LearningRate: 0.216355384961327
N: 5
Op1: 2
Op2: 2
Op3: 4
Op4: 4
Op5: 0
Op6: 2
Optimizer: SGD
Resolution: 1.0
TrivialAugment: true
W: 16
WeightDecay: 1.1011708819986467e-05
