Activation: Hardswish
LearningRate: 0.04010899007934538
N: 5
Op1: 4
Op2: 1
Op3: 3
Op4: 1
Op5: 1
Op6: 0
Optimizer: SGD
Resolution: 1.0
TrivialAugment: false
W: 16
WeightDecay: 0.004465995422700483
