Activation: Mish
LearningRate: 0.005232664748571626
N: 5
Op1: 0
Op2: 1
Op3: 3
Op4: 2
Op5: 3
Op6: 4
Optimizer: SGD
Resolution: 1.0
TrivialAugment: false
W: 16
WeightDecay: 0.003891302031290368
