Activation: Hardswish
LearningRate: 0.004089919712810237
N: 5
Op1: 1
Op2: 0
Op3: 4
Op4: 0
Op5: 1
Op6: 4
Optimizer: SGD
Resolution: 1.0
TrivialAugment: false
W: 16
WeightDecay: 0.0014352883219706683
