Activation: Hardswish
LearningRate: 0.08895634463302768
N: 5
Op1: 4
Op2: 1
Op3: 4
Op4: 3
Op5: 4
Op6: 4
Optimizer: SGD
Resolution: 1.0
TrivialAugment: true
W: 16
WeightDecay: 0.0027715044869783497
