Activation: Hardswish
LearningRate: 0.10350522940877907
N: 5
Op1: 2
Op2: 0
Op3: 2
Op4: 3
Op5: 4
Op6: 3
Optimizer: SGD
Resolution: 1.0
TrivialAugment: true
W: 16
WeightDecay: 9.409195436406747e-05
