Activation: Mish
LearningRate: 0.6785098530129751
N: 5
Op1: 0
Op2: 2
Op3: 3
Op4: 3
Op5: 2
Op6: 1
Optimizer: SGD
Resolution: 1.0
TrivialAugment: true
W: 16
WeightDecay: 2.946760986660126e-05
