Activation: Hardswish
LearningRate: 0.8236517607316998
N: 5
Op1: 0
Op2: 3
Op3: 4
Op4: 0
Op5: 0
Op6: 1
Optimizer: SGD
Resolution: 1.0
TrivialAugment: true
W: 16
WeightDecay: 1.6400068496461926e-05
