Activation: ReLU
LearningRate: 0.4313552601532839
N: 5
Op1: 2
Op2: 0
Op3: 4
Op4: 4
Op5: 0
Op6: 0
Optimizer: SGD
Resolution: 1.0
TrivialAugment: false
W: 16
WeightDecay: 5.049036672621126e-05
