Activation: ReLU
LearningRate: 0.08226957738081406
N: 5
Op1: 2
Op2: 3
Op3: 3
Op4: 4
Op5: 1
Op6: 4
Optimizer: SGD
Resolution: 1.0
TrivialAugment: false
W: 16
WeightDecay: 0.00012426408078950151
