Activation: Mish
LearningRate: 0.0029156983237522962
N: 5
Op1: 1
Op2: 0
Op3: 1
Op4: 4
Op5: 4
Op6: 4
Optimizer: SGD
Resolution: 1.0
TrivialAugment: false
W: 16
WeightDecay: 0.0002902019917566871
