Activation: ReLU
LearningRate: 0.7626527359302013
N: 5
Op1: 2
Op2: 2
Op3: 0
Op4: 0
Op5: 3
Op6: 3
Optimizer: SGD
Resolution: 1.0
TrivialAugment: true
W: 16
WeightDecay: 0.00016705093473521476
