Activation: ReLU
LearningRate: 0.10270323423385916
N: 5
Op1: 0
Op2: 4
Op3: 4
Op4: 4
Op5: 1
Op6: 3
Optimizer: SGD
Resolution: 1.0
TrivialAugment: false
W: 16
WeightDecay: 0.0033032058686346677
