batch_size: 31
learning_rate: 0.0014483189533190878
max_dropout: 0.7703918203559815
max_units: 614
momentum: 0.7036895128171731
num_layers: 4
weight_decay: 0.07743053591683836
