batch_size: 39
learning_rate: 0.046035339272890816
max_dropout: 0.3810047612257026
max_units: 924
momentum: 0.6806517023704887
num_layers: 4
weight_decay: 0.06984301353029092
