batch_size: 55
learning_rate: 0.012215480694468558
max_dropout: 0.4673161640245995
max_units: 104
momentum: 0.5152839354754036
num_layers: 1
weight_decay: 0.09084440770006146
