batch_size: 392
learning_rate: 0.09484007501900095
max_dropout: 0.3541537045619275
max_units: 67
momentum: 0.5299128350229327
num_layers: 1
weight_decay: 0.004779423374975746
