batch_size: 22
learning_rate: 0.0005262295372444773
max_dropout: 0.849267673436698
max_units: 64
momentum: 0.14473500537389872
num_layers: 3
weight_decay: 0.08082025106673754
