batch_size: 32
learning_rate: 0.02283257358582047
max_dropout: 0.7482128061314742
max_units: 532
momentum: 0.5118762361663236
num_layers: 2
weight_decay: 0.04329420236314502
