batch_size: 41
learning_rate: 0.004106670623410797
max_dropout: 0.172023032357713
max_units: 360
momentum: 0.7650480210791856
num_layers: 3
weight_decay: 0.03953877387690702
