batch_size: 475
learning_rate: 0.004888421656979489
max_dropout: 0.4948660063945729
max_units: 88
momentum: 0.30830168294485466
num_layers: 2
weight_decay: 0.08916305367928958
