batch_size: 20
learning_rate: 0.06759821623333134
max_dropout: 0.7124660042754256
max_units: 500
momentum: 0.44773234812774076
num_layers: 3
weight_decay: 0.013082701294205716
