batch_size: 188
learning_rate: 0.05620953469429618
max_dropout: 0.5650011531469703
max_units: 143
momentum: 0.5627843258525569
num_layers: 4
weight_decay: 0.009036627670625862
