batch_size: 269
learning_rate: 0.03735627971196077
max_dropout: 0.10397349557656999
max_units: 582
momentum: 0.8816791643716809
num_layers: 2
weight_decay: 0.014142669811088002
