batch_size: 363
learning_rate: 0.07377724602683267
max_dropout: 0.952729804166726
max_units: 286
momentum: 0.5087307191816245
num_layers: 5
weight_decay: 0.04506770528157889
