batch_size: 21
learning_rate: 0.00013052059355264523
max_dropout: 0.8306688860514526
max_units: 638
momentum: 0.512501719069418
num_layers: 4
weight_decay: 0.010595597804493007
