batch_size: 87
learning_rate: 0.000586785853935917
max_dropout: 0.36780119601544836
max_units: 336
momentum: 0.8370129715878697
num_layers: 1
weight_decay: 0.07561642005658557
