batch_size: 429
learning_rate: 0.08607773617595955
max_dropout: 0.4171827020631458
max_units: 797
momentum: 0.6519625318120844
num_layers: 2
weight_decay: 0.04949165197939335
