batch_size: 142
learning_rate: 0.0035887706449080656
max_dropout: 0.67997975953291
max_units: 610
momentum: 0.38634848391826826
num_layers: 4
weight_decay: 0.04086903656126662
