batch_size: 25
learning_rate: 0.010154302072237952
max_dropout: 0.6328920031136256
max_units: 119
momentum: 0.9846601062081248
num_layers: 3
weight_decay: 0.09131716611582803
