batch_size: 83
learning_rate: 0.0017955395153729445
max_dropout: 0.0773816212046905
max_units: 79
momentum: 0.833320284291436
num_layers: 2
weight_decay: 0.08412568049904592
