batch_size: 23
learning_rate: 0.09684019907355976
max_dropout: 0.01333149502853792
max_units: 858
momentum: 0.22262992852019053
num_layers: 3
weight_decay: 0.010058384128763845
