batch_size: 24
learning_rate: 0.0043202144999966415
max_dropout: 0.643196501992648
max_units: 137
momentum: 0.2381125501756926
num_layers: 2
weight_decay: 0.09956044152582676
