batch_size: 36
learning_rate: 0.03375009189399312
max_dropout: 0.5966363672775554
max_units: 121
momentum: 0.322351317518745
num_layers: 5
weight_decay: 0.027559370230205615
