batch_size: 469
learning_rate: 0.024757275356532008
max_dropout: 0.4169241407107894
max_units: 260
momentum: 0.2970781386977171
num_layers: 5
weight_decay: 0.026247003523548473
