batch_size: 172
learning_rate: 0.00045966637020555774
max_dropout: 0.2628989109037366
max_units: 782
momentum: 0.5293236781897797
num_layers: 5
weight_decay: 0.01851851402339063
