batch_size: 31
learning_rate: 0.021674507141011816
max_dropout: 0.5201982263104215
max_units: 919
momentum: 0.42814243519623985
num_layers: 1
weight_decay: 0.03980351543306456
