batch_size: 25
learning_rate: 0.001597037801942681
max_dropout: 0.44808868555713155
max_units: 610
momentum: 0.8279396545632406
num_layers: 5
weight_decay: 0.0280881652579566
