batch_size: 69
learning_rate: 0.00039028025009008006
max_dropout: 0.5143684451057579
max_units: 262
momentum: 0.9334683263684401
num_layers: 1
weight_decay: 0.03966492401594287
