batch_size: 104
learning_rate: 0.0663308603828516
max_dropout: 0.5852588035206371
max_units: 458
momentum: 0.770235865404038
num_layers: 3
weight_decay: 0.0754131652511046
