batch_size: 335
learning_rate: 0.00110007480533842
max_dropout: 0.30712817746716037
max_units: 119
momentum: 0.8555805254655091
num_layers: 3
weight_decay: 0.08160097800273064
