batch_size: 33
learning_rate: 0.009986022769981569
max_dropout: 0.3615151011308284
max_units: 998
momentum: 0.11612554449399164
num_layers: 3
weight_decay: 0.003670952545450728
