batch_size: 54
learning_rate: 0.09255506700692515
max_dropout: 0.6531443364164696
max_units: 107
momentum: 0.6335915157041422
num_layers: 2
weight_decay: 0.017712145891534796
