batch_size: 34
learning_rate: 0.0032114019100282177
max_dropout: 0.4192061929623311
max_units: 85
momentum: 0.4554229622164788
num_layers: 3
weight_decay: 0.025316219817249054
