batch_size: 18
learning_rate: 0.001993814644517286
max_dropout: 0.33508186337309753
max_units: 79
momentum: 0.5061402928207991
num_layers: 1
weight_decay: 0.03108011315660017
