batch_size: 23
learning_rate: 0.0003118094384785793
max_dropout: 0.48154849913688813
max_units: 84
momentum: 0.9688617930771524
num_layers: 5
weight_decay: 0.012616779351408463
