batch_size: 85
learning_rate: 0.00019261668668490013
max_dropout: 0.24418063689369596
max_units: 122
momentum: 0.3640650614951154
num_layers: 1
weight_decay: 0.09921737204334347
