batch_size: 55
learning_rate: 0.007852252575423746
max_dropout: 0.4577008396706732
max_units: 344
momentum: 0.6803097382711049
num_layers: 5
weight_decay: 0.006740134162252269
