batch_size: 138
learning_rate: 0.024509166929153968
max_dropout: 0.4003660955419678
max_units: 190
momentum: 0.5613280949690558
num_layers: 3
weight_decay: 0.02148042583110621
