batch_size: 59
learning_rate: 0.004990924262732199
max_dropout: 0.1403020140696053
max_units: 109
momentum: 0.6927798831871916
num_layers: 1
weight_decay: 0.024903842134927932
