batch_size: 201
learning_rate: 0.0495900954237123
max_dropout: 0.5097220758854846
max_units: 539
momentum: 0.6985352305365186
num_layers: 5
weight_decay: 0.04287935643058252
