batch_size: 89
learning_rate: 0.00879933825737701
max_dropout: 0.07224605027316766
max_units: 397
momentum: 0.6142296438664474
num_layers: 1
weight_decay: 0.0977937478627536
