batch_size: 355
learning_rate: 0.00685941838916353
max_dropout: 0.858846426409102
max_units: 327
momentum: 0.12325872246930036
num_layers: 2
weight_decay: 0.01803281312951507
