batch_size: 22
learning_rate: 0.00013200600314846144
max_dropout: 0.5601404424456279
max_units: 145
momentum: 0.25517693294443544
num_layers: 5
weight_decay: 0.009011800601651694
