batch_size: 163
learning_rate: 0.00013113300271535989
max_dropout: 0.46009525924926
max_units: 183
momentum: 0.5394297907762547
num_layers: 5
weight_decay: 0.007908938577721977
