batch_size: 25
learning_rate: 0.024754252178031635
max_dropout: 0.8430620739416165
max_units: 506
momentum: 0.44240264413093977
num_layers: 4
weight_decay: 0.09561694734860302
