batch_size: 45
learning_rate: 0.018034363600331456
max_dropout: 0.882620177266259
max_units: 214
momentum: 0.8149910984050766
num_layers: 4
weight_decay: 0.03844719350688068
