batch_size: 389
learning_rate: 0.01018831303963214
max_dropout: 0.29651744085939546
max_units: 182
momentum: 0.7365571202430458
num_layers: 4
weight_decay: 0.07865350704999591
