batch_size: 137
learning_rate: 0.00011910291935936397
max_dropout: 0.4688148150379928
max_units: 504
momentum: 0.9210136921184816
num_layers: 4
weight_decay: 0.05574487737397906
