batch_size: 19
learning_rate: 0.00023902727518007515
max_dropout: 0.9034088719228704
max_units: 520
momentum: 0.9641219886928539
num_layers: 4
weight_decay: 0.08818393557047804
