batch_size: 149
learning_rate: 0.00988279607801523
max_dropout: 0.1730942506854577
max_units: 394
momentum: 0.6879150935196041
num_layers: 2
weight_decay: 0.04357269195039767
