batch_size: 164
learning_rate: 0.0014394364346133912
max_dropout: 0.3403459028453959
max_units: 126
momentum: 0.42506530465550196
num_layers: 4
weight_decay: 0.004373016314490875
