batch_size: 61
learning_rate: 0.0003912380163425075
max_dropout: 0.6671332896617052
max_units: 862
momentum: 0.4366076851856432
num_layers: 2
weight_decay: 0.016803264971318753
