batch_size: 278
learning_rate: 0.010280766549644322
max_dropout: 0.6183127236926075
max_units: 135
momentum: 0.9468871498640046
num_layers: 5
weight_decay: 0.07820647650528188
