batch_size: 243
learning_rate: 0.0033987034655748047
max_dropout: 0.002336280915373079
max_units: 281
momentum: 0.9349684475388508
num_layers: 5
weight_decay: 0.0722366962395952
