batch_size: 137
learning_rate: 0.04305981737700776
max_dropout: 0.5206390949960298
max_units: 196
momentum: 0.10370621529016623
num_layers: 2
weight_decay: 0.04769166141821901
