batch_size: 21
learning_rate: 0.09061933402694296
max_dropout: 0.9769144802702433
max_units: 955
momentum: 0.1343181152322112
num_layers: 2
weight_decay: 0.028241684020056272
