batch_size: 472
learning_rate: 0.04097334040121513
max_dropout: 0.1686466715216416
max_units: 137
momentum: 0.33600313244450625
num_layers: 1
weight_decay: 0.04618868229096769
