batch_size: 99
learning_rate: 0.02847000312737646
max_dropout: 0.4493284652864895
max_units: 64
momentum: 0.7241952315797553
num_layers: 5
weight_decay: 0.04529927151974004
