batch_size: 93
learning_rate: 0.0052326445925620895
max_dropout: 0.15481139718178694
max_units: 139
momentum: 0.5701121720639528
num_layers: 1
weight_decay: 0.013498727505585348
