batch_size: 430
learning_rate: 0.0009574538797536335
max_dropout: 0.8525314428700129
max_units: 107
momentum: 0.7544671246568995
num_layers: 5
weight_decay: 0.070266583424382
