batch_size: 378
learning_rate: 0.012433944177998413
max_dropout: 0.001616241429378551
max_units: 339
momentum: 0.8129413873699273
num_layers: 2
weight_decay: 0.012558307401864921
