batch_size: 21
learning_rate: 0.028467573105022362
max_dropout: 0.5225493525765179
max_units: 81
momentum: 0.6159320516381995
num_layers: 4
weight_decay: 0.05744891181488626
