batch_size: 31
learning_rate: 0.034098101284620895
max_dropout: 0.06371558391913479
max_units: 182
momentum: 0.7050766333493371
num_layers: 2
weight_decay: 0.031164954072552976
