batch_size: 315
learning_rate: 0.0101385192755454
max_dropout: 0.01173258441744085
max_units: 201
momentum: 0.9058961731075065
num_layers: 2
weight_decay: 0.08891145560778528
