batch_size: 120
learning_rate: 0.009239325624671835
max_dropout: 0.0826324908973739
max_units: 76
momentum: 0.19042044456084184
num_layers: 1
weight_decay: 0.07512094659690871
