batch_size: 84
learning_rate: 0.00013826470764177764
max_dropout: 0.5525654928242558
max_units: 78
momentum: 0.2697775041547135
num_layers: 3
weight_decay: 0.016743436921164135
