batch_size: 50
learning_rate: 0.0010386946059067993
max_dropout: 0.955076074987631
max_units: 69
momentum: 0.6845124308747323
num_layers: 5
weight_decay: 0.07185044922097368
