batch_size: 74
learning_rate: 0.000134637273317745
max_dropout: 0.8158206925645575
max_units: 605
momentum: 0.7137412540869702
num_layers: 2
weight_decay: 0.011404116940528647
