batch_size: 228
learning_rate: 0.001426802050106894
max_dropout: 0.14832497356338825
max_units: 329
momentum: 0.8080555029970697
num_layers: 3
weight_decay: 0.0730142019822086
