batch_size: 33
learning_rate: 0.004600420823695888
max_dropout: 0.04554933372513448
max_units: 231
momentum: 0.633206883433119
num_layers: 4
weight_decay: 0.054865062481997996
