batch_size: 50
learning_rate: 0.004747117973262104
max_dropout: 0.4658506912771899
max_units: 196
momentum: 0.9577204890386944
num_layers: 5
weight_decay: 0.007711975579577691
