batch_size: 179
learning_rate: 0.0001367522515388656
max_dropout: 0.5960273007822641
max_units: 150
momentum: 0.18976834835272066
num_layers: 4
weight_decay: 0.08252944956469996
