batch_size: 91
learning_rate: 0.024585974940729144
max_dropout: 0.2489185773370407
max_units: 148
momentum: 0.5778128117494848
num_layers: 5
weight_decay: 0.012900577109807684
