batch_size: 183
learning_rate: 0.0006435731338524862
max_dropout: 0.9547430757295242
max_units: 699
momentum: 0.7755907051051866
num_layers: 4
weight_decay: 0.021497894892055
