batch_size: 54
learning_rate: 0.03256369843333014
max_dropout: 0.9011223255440359
max_units: 138
momentum: 0.8723053713151641
num_layers: 2
weight_decay: 0.03884533681814542
