batch_size: 45
learning_rate: 0.0003899562117237463
max_dropout: 0.9978328926001273
max_units: 215
momentum: 0.5170862605145469
num_layers: 2
weight_decay: 0.011270598469862022
