batch_size: 267
learning_rate: 0.0030664013513963355
max_dropout: 0.47457504163912634
max_units: 126
momentum: 0.8922806308825344
num_layers: 1
weight_decay: 0.09506022726493123
