batch_size: 111
learning_rate: 0.0011516651627137375
max_dropout: 0.9642417773848747
max_units: 89
momentum: 0.936093858415212
num_layers: 3
weight_decay: 0.04227981979961961
