batch_size: 32
learning_rate: 0.00014603809772440946
max_dropout: 0.5893371516987654
max_units: 610
momentum: 0.3676108775904554
num_layers: 4
weight_decay: 0.07923994058851987
