batch_size: 369
learning_rate: 0.014117160515538081
max_dropout: 0.5045915730345752
max_units: 361
momentum: 0.981862165628662
num_layers: 5
weight_decay: 0.004336497128343546
