batch_size: 61
learning_rate: 0.0003660501339729686
max_dropout: 0.28072108758885084
max_units: 117
momentum: 0.9175738389898608
num_layers: 3
weight_decay: 0.021493361816871434
