batch_size: 19
learning_rate: 0.0654255059982736
max_dropout: 0.9653764850822385
max_units: 426
momentum: 0.41332399660528196
num_layers: 3
weight_decay: 0.03383163823135815
