batch_size: 124
learning_rate: 0.05734312335183463
max_dropout: 0.6611941108812042
max_units: 1004
momentum: 0.11109608370148402
num_layers: 3
weight_decay: 0.09631586900473851
