batch_size: 115
learning_rate: 0.07211707002102818
max_dropout: 0.09945811576856867
max_units: 202
momentum: 0.6473219235298908
num_layers: 2
weight_decay: 0.011996030565004206
