batch_size: 21
learning_rate: 0.006819830634177761
max_dropout: 0.2080449084160152
max_units: 237
momentum: 0.4760326079213576
num_layers: 2
weight_decay: 0.04550431203556679
