batch_size: 57
learning_rate: 0.04123480928242349
max_dropout: 0.5364388896223293
max_units: 714
momentum: 0.36970810232198437
num_layers: 4
weight_decay: 0.06252939158174355
