batch_size: 23
learning_rate: 0.0016286396898554758
max_dropout: 0.9539005099086808
max_units: 74
momentum: 0.7408570844269265
num_layers: 5
weight_decay: 0.06937732118487348
