batch_size: 34
learning_rate: 0.0030031097357570086
max_dropout: 0.7127391638559462
max_units: 361
momentum: 0.8472032919939771
num_layers: 5
weight_decay: 0.08509011402761
