batch_size: 166
learning_rate: 0.00017959610134047658
max_dropout: 0.08203832961305635
max_units: 383
momentum: 0.8962483363723086
num_layers: 2
weight_decay: 0.08776376644716996
