batch_size: 76
learning_rate: 0.011944989623877805
max_dropout: 0.8749148098360611
max_units: 571
momentum: 0.6286473334691287
num_layers: 3
weight_decay: 0.09120037549418822
