batch_size: 19
learning_rate: 0.015388198226942585
max_dropout: 0.6661963915524264
max_units: 416
momentum: 0.548981544511346
num_layers: 3
weight_decay: 0.026188474910597937
