batch_size: 35
learning_rate: 0.002529855098871221
max_dropout: 0.649859039529257
max_units: 299
momentum: 0.5698926066650762
num_layers: 5
weight_decay: 0.059861886661267454
