batch_size: 41
learning_rate: 0.002726841622266609
max_dropout: 0.8540919107781424
max_units: 252
momentum: 0.1261809431868639
num_layers: 4
weight_decay: 0.007757510660389329
