batch_size: 82
learning_rate: 0.004446111217041507
max_dropout: 0.9093761607023649
max_units: 810
momentum: 0.6531688182052064
num_layers: 4
weight_decay: 0.06763331182161923
