batch_size: 331
learning_rate: 0.054448367534328725
max_dropout: 0.9597872678116144
max_units: 69
momentum: 0.7811454138228894
num_layers: 2
weight_decay: 0.07277933058154497
