batch_size: 167
learning_rate: 0.03659744732477829
max_dropout: 0.7488400396806816
max_units: 89
momentum: 0.5367110839061708
num_layers: 1
weight_decay: 0.08307456914594669
