batch_size: 33
learning_rate: 0.04830400674375281
max_dropout: 0.7996681139595734
max_units: 93
momentum: 0.9097926106507181
num_layers: 4
weight_decay: 0.06015599585631302
