batch_size: 26
learning_rate: 0.000382765597017108
max_dropout: 0.610480387247477
max_units: 1000
momentum: 0.16480304005542706
num_layers: 2
weight_decay: 0.04331533810456276
