batch_size: 16
learning_rate: 0.03408145822645486
max_dropout: 0.2050281014595997
max_units: 184
momentum: 0.11101914350013385
num_layers: 4
weight_decay: 0.026775163064866665
