batch_size: 88
learning_rate: 0.04729977733487864
max_dropout: 0.3886539506030279
max_units: 141
momentum: 0.9356636413154982
num_layers: 3
weight_decay: 0.03703311152500638
