batch_size: 58
learning_rate: 0.002284748824108682
max_dropout: 0.49526740021479054
max_units: 756
momentum: 0.7746714472618126
num_layers: 3
weight_decay: 0.008660274357515863
