batch_size: 42
learning_rate: 0.00015710279867395924
max_dropout: 0.3160094660650373
max_units: 144
momentum: 0.6164766947498418
num_layers: 2
weight_decay: 0.037327755806142164
