batch_size: 136
learning_rate: 0.0003381671568758524
max_dropout: 0.6864067067205915
max_units: 268
momentum: 0.7442124844534637
num_layers: 5
weight_decay: 0.022765009016567892
