batch_size: 97
learning_rate: 0.001292351442762675
max_dropout: 0.07627600428232084
max_units: 923
momentum: 0.6497135862257162
num_layers: 5
weight_decay: 0.07071494891786904
