batch_size: 111
learning_rate: 0.06581030518393319
max_dropout: 0.6350824169684963
max_units: 118
momentum: 0.4233970075312986
num_layers: 1
weight_decay: 0.02587514636573819
