batch_size: 210
learning_rate: 0.05104781653003649
max_dropout: 0.7932584934400739
max_units: 186
momentum: 0.5321849100380094
num_layers: 1
weight_decay: 0.02420968895182705
