batch_size: 17
learning_rate: 0.00013435404826846496
max_dropout: 0.2820792587307114
max_units: 521
momentum: 0.709794806954192
num_layers: 5
weight_decay: 0.09580156925316433
