batch_size: 289
learning_rate: 0.00035884647384580343
max_dropout: 0.9605022043208742
max_units: 134
momentum: 0.7352510719740453
num_layers: 3
weight_decay: 0.005101863599396724
