batch_size: 197
learning_rate: 0.0004763734380221245
max_dropout: 0.4931468584482481
max_units: 141
momentum: 0.41147214962967105
num_layers: 2
weight_decay: 0.02914879396834688
