batch_size: 17
learning_rate: 0.014942273078520238
max_dropout: 0.5170694298545542
max_units: 286
momentum: 0.1456406467289016
num_layers: 4
weight_decay: 0.08866644615770658
