batch_size: 186
learning_rate: 0.02602265793650496
max_dropout: 0.5621339936388825
max_units: 75
momentum: 0.9230469698318261
num_layers: 2
weight_decay: 0.07495639756370005
