batch_size: 312
learning_rate: 0.03508146586312199
max_dropout: 0.8227135350094033
max_units: 985
momentum: 0.12807230955672258
num_layers: 1
weight_decay: 0.03067134883965697
