batch_size: 67
learning_rate: 0.0010647904168189616
max_dropout: 0.5181736657140877
max_units: 127
momentum: 0.36599956914419995
num_layers: 4
weight_decay: 0.08211183503696626
