batch_size: 80
learning_rate: 0.1000000000000000
max_dropout: 0.8803894354329516
max_units: 1024
momentum: 0.9751408555610411
num_layers: 4
weight_decay: 0.008395058250263819
