batch_size: 241
learning_rate: 0.0010334628481673313
max_dropout: 0.05885562990796689
max_units: 979
momentum: 0.9257582071629038
num_layers: 5
weight_decay: 0.07177802530268881
