batch_size: 29
learning_rate: 0.0254104889473278
max_dropout: 0.9187460608507136
max_units: 278
momentum: 0.9779612200370873
num_layers: 4
weight_decay: 0.05267472312942512
