batch_size: 40
learning_rate: 0.03093907668981958
max_dropout: 0.23291246648873298
max_units: 153
momentum: 0.45720103750741214
num_layers: 3
weight_decay: 0.0200287069465733
