batch_size: 152
learning_rate: 0.06553334914901283
max_dropout: 0.23497601715042038
max_units: 190
momentum: 0.4693590359659665
num_layers: 3
weight_decay: 0.013568240689860733
