batch_size: 20
learning_rate: 0.038212540545888934
max_dropout: 0.4239599075334297
max_units: 173
momentum: 0.31696378573706896
num_layers: 4
weight_decay: 0.010568534848720276
