batch_size: 16
learning_rate: 0.0023448693138115686
max_dropout: 0.36398396146187906
max_units: 172
momentum: 0.4564495641534737
num_layers: 3
weight_decay: 0.01486226903794474
