batch_size: 93
learning_rate: 0.02746282096931906
max_dropout: 0.37526012868621095
max_units: 432
momentum: 0.3769531171473126
num_layers: 4
weight_decay: 0.06594713509732494
