batch_size: 21
learning_rate: 0.005771531681316596
max_dropout: 0.788331478782934
max_units: 155
momentum: 0.6271020488339166
num_layers: 2
weight_decay: 0.0957151568925915
