batch_size: 81
learning_rate: 0.07173751352387835
max_dropout: 0.2327515125076156
max_units: 209
momentum: 0.38840228969747936
num_layers: 2
weight_decay: 0.003522892256268717
