batch_size: 32
learning_rate: 0.0008133867193872606
max_dropout: 0.4910759560830785
max_units: 134
momentum: 0.9307445775819113
num_layers: 4
weight_decay: 0.09446091426458848
