batch_size: 98
learning_rate: 0.07239047782015616
max_dropout: 0.5135729522934807
max_units: 175
momentum: 0.9483482501329602
num_layers: 5
weight_decay: 0.05581434127734432
