batch_size: 265
learning_rate: 0.0005566891668611795
max_dropout: 0.0430559628795496
max_units: 77
momentum: 0.8419548791475598
num_layers: 2
weight_decay: 0.03497579709333343
