batch_size: 78
learning_rate: 0.00020945494691360455
max_dropout: 0.7110415409807315
max_units: 274
momentum: 0.1890006633528681
num_layers: 1
weight_decay: 0.07153392390383259
