batch_size: 377
learning_rate: 0.00015980009349628792
max_dropout: 0.5227432479868098
max_units: 302
momentum: 0.8792057957842523
num_layers: 1
weight_decay: 0.08347645433217507
