batch_size: 209
learning_rate: 0.08308761757335394
max_dropout: 0.7570242726360255
max_units: 187
momentum: 0.5672729349349489
num_layers: 4
weight_decay: 0.09719842559346305
