batch_size: 69
learning_rate: 0.018178375215450283
max_dropout: 0.29245279707609195
max_units: 584
momentum: 0.8861087416669331
num_layers: 2
weight_decay: 0.027840620004479632
