batch_size: 435
learning_rate: 0.022439963961076923
max_dropout: 0.07750363029893392
max_units: 64
momentum: 0.8851455720692493
num_layers: 4
weight_decay: 0.015844703572833713
