batch_size: 18
learning_rate: 0.03712209989015888
max_dropout: 0.488807444902573
max_units: 162
momentum: 0.9533635601782801
num_layers: 1
weight_decay: 0.001399249218129465
