batch_size: 169
learning_rate: 0.00036881330595552546
max_dropout: 0.9132488654769663
max_units: 194
momentum: 0.9807753882720254
num_layers: 1
weight_decay: 0.0323481168092728
