batch_size: 146
learning_rate: 0.0004071867129078517
max_dropout: 0.4032445641472576
max_units: 593
momentum: 0.8186374917934093
num_layers: 5
weight_decay: 0.04101962222937429
