batch_size: 149
learning_rate: 0.00046404813464700584
max_dropout: 0.5682787968905604
max_units: 425
momentum: 0.7341033350741649
num_layers: 3
weight_decay: 0.0730623362751188
