batch_size: 131
learning_rate: 0.04601629675000314
max_dropout: 0.38584813269456764
max_units: 728
momentum: 0.6596243183546022
num_layers: 5
weight_decay: 0.005745658092027827
