batch_size: 448
learning_rate: 0.003000164458292393
max_dropout: 0.8933538988165429
max_units: 239
momentum: 0.64457673953218
num_layers: 2
weight_decay: 0.007342501221655779
