batch_size: 344
learning_rate: 0.04409474409037947
max_dropout: 0.8087356921494806
max_units: 214
momentum: 0.2440912232824966
num_layers: 4
weight_decay: 0.006570811257876755
