batch_size: 24
learning_rate: 0.022455904305100416
max_dropout: 0.09525517764501656
max_units: 337
momentum: 0.3738305385282008
num_layers: 4
weight_decay: 0.03339988966676241
