batch_size: 142
learning_rate: 0.00018060071264583161
max_dropout: 0.9069054623287782
max_units: 309
momentum: 0.9622115008195581
num_layers: 5
weight_decay: 0.07661852706843542
