batch_size: 278
learning_rate: 0.055702311994409746
max_dropout: 0.23159986083308215
max_units: 370
momentum: 0.9374519671348109
num_layers: 2
weight_decay: 0.03427105957633587
