batch_size: 28
learning_rate: 0.00316792623734016
max_dropout: 0.9273895082432349
max_units: 368
momentum: 0.9688347389187247
num_layers: 3
weight_decay: 0.03231181405725655
