batch_size: 16
learning_rate: 0.006650237869421257
max_dropout: 0.6835539622984453
max_units: 184
momentum: 0.4691077907191791
num_layers: 2
weight_decay: 0.0406215206590593
