batch_size: 39
learning_rate: 0.014106804713432052
max_dropout: 0.1310141792017132
max_units: 857
momentum: 0.6598462264552898
num_layers: 5
weight_decay: 0.08863881757455921
