batch_size: 24
learning_rate: 0.0514709816101678
max_dropout: 0.47949852978491125
max_units: 389
momentum: 0.870191241188793
num_layers: 5
weight_decay: 0.0344829335623896
