batch_size: 62
learning_rate: 0.006755995961556265
max_dropout: 0.038637821596063104
max_units: 256
momentum: 0.36539171899096645
num_layers: 1
weight_decay: 0.08490529909525651
