batch_size: 73
learning_rate: 0.0018237658945583698
max_dropout: 0.02595713677556588
max_units: 108
momentum: 0.8104503583720086
num_layers: 2
weight_decay: 0.06602349342167588
