batch_size: 444
learning_rate: 0.0007534585680653718
max_dropout: 0.900513464982344
max_units: 143
momentum: 0.6686056210334055
num_layers: 3
weight_decay: 0.0264929126095343
