batch_size: 81
learning_rate: 0.00010843476329647897
max_dropout: 0.2864555695665474
max_units: 193
momentum: 0.1351107274483936
num_layers: 2
weight_decay: 0.06053401156870208
