batch_size: 28
learning_rate: 0.016057700243365534
max_dropout: 0.4358986813847944
max_units: 146
momentum: 0.329769664290707
num_layers: 3
weight_decay: 0.0814203820568498
