batch_size: 419
learning_rate: 0.0007952056599958118
max_dropout: 0.6208163646164712
max_units: 518
momentum: 0.47945037965836856
num_layers: 1
weight_decay: 0.046105456838204675
