batch_size: 60
learning_rate: 0.01162374214214177
max_dropout: 0.2647757567045337
max_units: 69
momentum: 0.16107462496027566
num_layers: 1
weight_decay: 0.05866383389965751
