batch_size: 30
learning_rate: 0.004176783767937406
max_dropout: 0.4891788482398881
max_units: 223
momentum: 0.8102545874433859
num_layers: 5
weight_decay: 0.09447840386832312
