batch_size: 278
learning_rate: 0.06650768012390942
max_dropout: 0.4756179488571285
max_units: 601
momentum: 0.6958027405271416
num_layers: 2
weight_decay: 0.03372680179306123
