batch_size: 95
learning_rate: 0.05739501799796241
max_dropout: 0.8381387779736374
max_units: 91
momentum: 0.15763901773776828
num_layers: 5
weight_decay: 0.04231617301959195
