batch_size: 24
learning_rate: 0.08779570985754626
max_dropout: 0.8715098225885739
max_units: 142
momentum: 0.2467074467760271
num_layers: 2
weight_decay: 0.08698609210058096
