batch_size: 27
learning_rate: 0.0013687639103048949
max_dropout: 0.10603483809157199
max_units: 136
momentum: 0.5757837637667308
num_layers: 2
weight_decay: 0.014898514406206261
