batch_size: 66
learning_rate: 0.009036225756097171
max_dropout: 0.6189053531784066
max_units: 87
momentum: 0.6153501371980347
num_layers: 4
weight_decay: 0.09587578332070955
