batch_size: 390
learning_rate: 0.0008053755725313813
max_dropout: 0.06510767974348675
max_units: 94
momentum: 0.9385084605547368
num_layers: 1
weight_decay: 0.011310255833185451
