batch_size: 31
learning_rate: 0.004105703886122369
max_dropout: 0.06628768054771328
max_units: 652
momentum: 0.12723673801808572
num_layers: 4
weight_decay: 0.09697382523237223
