batch_size: 35
learning_rate: 0.00021775299659530564
max_dropout: 0.9327920619850155
max_units: 1009
momentum: 0.15820861146925008
num_layers: 5
weight_decay: 0.004452227921301406
