batch_size: 367
learning_rate: 0.03126590581369972
max_dropout: 0.06485249776610169
max_units: 98
momentum: 0.26591030597696313
num_layers: 2
weight_decay: 0.09095623267683511
