batch_size: 21
learning_rate: 0.004852491755906217
max_dropout: 0.5143814979955363
max_units: 160
momentum: 0.6636761199925351
num_layers: 3
weight_decay: 0.09642453532071363
