batch_size: 139
learning_rate: 0.07634381628604055
max_dropout: 0.04244747203383181
max_units: 521
momentum: 0.31023070212341086
num_layers: 5
weight_decay: 0.020421339364353194
