batch_size: 31
learning_rate: 0.0004972690903834033
max_dropout: 0.8871407504676867
max_units: 134
momentum: 0.25558413548661374
num_layers: 5
weight_decay: 0.09261247129482028
