lr_decay_factor: 0.9717719504645725
lr_initial: 2.8667630068203973
lr_power: 1.7705758698376757
opt_momentum: 0.553172549525966
