lr_decay_factor: 0.47764904508896844
lr_initial: 4.645771056846138
lr_power: 0.20845605638985698
opt_momentum: 0.5377812694136661
