lr_decay_factor: 0.454402562624466
lr_initial: 0.5103859603232691
lr_power: 1.8459143920578647
opt_momentum: 0.9982798071221314
