lr_decay_factor: 0.41839982018982225
lr_initial: 4.186189542681845
lr_power: 1.6213032227404056
opt_momentum: 0.09830154685045353
