lr_decay_factor: 0.710481877948042
lr_initial: 0.039955586241262143
lr_power: 1.6313095134480433
opt_momentum: 0.4989015533124295
