lr_decay_factor: 0.45776327371409276
lr_initial: 0.5447010139533766
lr_power: 1.8524392734753083
opt_momentum: 0.9872785976935262
