lr_decay_factor: 0.3985904377122706
lr_initial: 5.324329694400651
lr_power: 1.2198126401377276
opt_momentum: 0.34858737017600916
