lr_decay_factor: 0.5637601445325285
lr_initial: 0.35532275774918975
lr_power: 1.7958220867567571
opt_momentum: 0.8568570331528569
