lr_decay_factor: 0.47540700693463334
lr_initial: 0.7248550455114406
lr_power: 1.8866949009168883
opt_momentum: 0.9989986
