lr_decay_factor: 0.010654861121921726
lr_initial: 0.39002067284023856
lr_power: 0.5026606248104801
opt_momentum: 0.34745608882783235
