lr_decay_factor: 0.5569541110031194
lr_initial: 2.800592693977198
lr_power: 1.0785071606536951
opt_momentum: 0.4494940466535983
