lr_decay_factor: 0.9823685959081787
lr_initial: 4.31010408237689
lr_power: 1.4416202363731514
opt_momentum: 0.7354061346495238
