lr_decay_factor: 0.36733263115818476
lr_initial: 4.315852316501177
lr_power: 0.7784191924264892
opt_momentum: 0.009325250170563971
