lr_decay_factor: 0.5089740793449095
lr_initial: 3.877178036291131
lr_power: 0.270825433407393
opt_momentum: 0.4462701251739012
