lr_decay_factor: 0.41839982018982225
lr_initial: 8.93377221498864
lr_power: 0.13758590921809785
opt_momentum: 0.16523785552630998
