lr_decay_factor: 0.9575244132867093
lr_initial: 9.073468208381412
lr_power: 0.36185456701867486
opt_momentum: 0.9024805769186496
