lr_decay_factor: 0.06767130139264256
lr_initial: 5.648253986559933
lr_power: 0.49303988154791406
opt_momentum: 0.37544521724122
