lr_decay_factor: 0.7231794845950508
lr_initial: 4.810852421537793
lr_power: 0.44083086486114703
opt_momentum: 0.7763652980391683
