lr_decay_factor: 0.8305272926300188
lr_initial: 4.828330078389989
lr_power: 0.756216745266196
opt_momentum: 0.728401116782284
