lr_decay_factor: 0.6995858905737938
lr_initial: 5.437464089015695
lr_power: 0.4640309804559896
opt_momentum: 0.9759723459133332
