lr_decay_factor: 0.15407353387550177
lr_initial: 8.769357062301962
lr_power: 1.0342337103531518
opt_momentum: 0.7252871370867858
