lr_decay_factor: 0.17894733569083526
lr_initial: 3.193788569412574e-05
lr_power: 0.7904932496530466
opt_momentum: 0.7265194067882174
