lr_decay_factor: 0.19270964033007587
lr_initial: 4.167318413419512
lr_power: 0.26229703067108007
opt_momentum: 0.6858319620978701
