lr_decay_factor: 0.10085220483454758
lr_initial: 0.9821256759779611
lr_power: 0.20213836207047786
opt_momentum: 0.8824284334266952
