lr_decay_factor: 0.418676402612143
lr_initial: 7.471376273388053
lr_power: 1.3612561344863057
opt_momentum: 0.9485414202971382
