lr_decay_factor: 0.010654861121921726
lr_initial: 2.041720461072367
lr_power: 0.695955873849322
opt_momentum: 0.9569327840927303
