X_0: 0.39676747423066994
X_1: 0.14038693859523377
X_2: 0.1698304195645689
