X_0: 0.8007445686755367
X_1: 0.44789352617590517
X_2: 0.9034019152878835
