X_0: 0.9279292847303388
X_1: 0.3170017833086112
X_2: 0.8608918144326806
