X_0: 0.417022004702574
X_1: 0.8946066635038473
X_2: 0.019366957870297075
