X_0: 0.8251805375905363
X_1: 0.6091316758684511
X_2: 0.9775680463821718
