X_0: 0.16827789076968258
X_1: 0.7178004694601186
X_2: 0.16724747053576572
