X_0: 0.5663893339293835
X_1: 0.6268726422610069
X_2: 0.1993398580617436
