X_0: 0.6852195003967595
X_1: 0.6865009276815837
X_2: 0.4140559878195683
