X_0: 0.34556072704304774
X_1: 0.5586898284457517
X_2: 0.03905478323288236
