X_0: 0.5085952887706492
X_1: 0.5247592091485346
X_2: 0.06711616079126814
