X_0: 0.9051237163809991
X_1: 0.0386869375519473
X_2: 0.5115108315316941
