X_0: 0.0923385947687978
X_1: 0.6704675101784022
X_2: 0.8946066635038473
