X_0: 0.714541514521351
X_1: 0.5336742883871021
X_2: 0.7578088339668667
