X_0: 0.3327348023482236
X_1: 0.58647967082232
X_2: 0.9658771153541175
