X_0: 0.04482514224254319
X_1: 0.5680469899332562
X_2: 0.5786631088651388
