X_0: 0.28239384754977503
X_1: 0.5458491781625158
X_2: 0.7689552314953264
