X_0: 0.9046884118069458
X_1: 0.3421493632749313
X_2: 0.45784682859243386
