X_0: 0.14038693859523377
X_1: 0.7892793284514885
X_2: 0.9445947559908133
X_3: 0.5783896143871318
X_4: 0.7115247586284718
X_5: 0.12134345574073735
