X_0: 0.30233257263183977
X_1: 0.8781174363909454
X_2: 0.6923226156693141
X_3: 0.5331652849730171
X_4: 0.7892793284514885
X_5: 0.2655466593722262
