X_0: 0.3157172417150973
X_1: 0.18308840294010742
X_2: 0.8076433837277674
X_3: 0.4170054469267356
X_4: 0.4928487751538986
X_5: 0.601303416311463
