X_0: 0.5754493751896697
X_1: 0.2030994787482454
X_2: 0.9165857231092207
X_3: 0.892483485150527
X_4: 0.017974851929293933
X_5: 0.20838768358601334
