X_0: 0.9107289300520566
X_1: 0.5884972541729763
X_2: 0.6346076709579421
X_3: 0.1037224976784622
X_4: 0.8226367861466121
X_5: 0.33983357294395067
