X_0: 0.3694698475497751
X_1: 0.14021117816251583
X_2: 0.3932822314953264
X_3: 0.24309851319522835
X_4: 0.1514105438277139
X_5: 0.6931482533296985
