X_0: 0.1862602113776709
X_1: 0.41730480236712697
X_2: 0.08504421136977791
X_3: 0.6865009276815837
X_4: 0.9085955030930956
X_5: 0.5741176054920131
