X_0: 0.5656488042578667
X_1: 0.03558021279960355
X_2: 0.8926523274936999
X_3: 0.8577075462348844
X_4: 0.9249525337711311
X_5: 0.2709607204897344
