X_0: 0.5390149598409487
X_1: 0.39671884597419793
X_2: 0.17216059586705346
X_3: 0.45484541108741505
X_4: 0.45590867989679673
X_5: 0.7954565875047138
