X_0: 0.30233257263183977
X_1: 0.1698304195645689
X_2: 0.2655466593722262
X_3: 0.7508121031361555
X_4: 0.35726976000249977
X_5: 0.12417331511991114
