X_0: 0.40543900860846205
X_1: 0.07098681935700413
X_2: 0.5134537388646696
X_3: 0.469109145086277
X_4: 0.3528080670274647
X_5: 0.354075028765959
