X_0: 0.6393021052714049
X_1: 0.2408353032631667
X_2: 0.05064175968939866
X_3: 0.9410762794953974
X_4: 0.4688359345345423
X_5: 0.6752813076722042
