X_0: 0.9322410548270276
X_1: 0.888221810648232
X_2: 0.5706875738798426
X_3: 0.9305456662301456
X_4: 0.23446723122917923
X_5: 0.308202669954468
