X_0: 0.14675589081711304
X_1: 0.027387593197926163
X_2: 0.8763891522960383
X_3: 0.6918771139504734
X_4: 0.10322600657764203
X_5: 0.4915731592803383
