X_0: 0.714541514521351
X_1: 0.5336742883871021
X_2: 0.7578088339668667
X_3: 0.6108202264741247
X_4: 0.5047754359422412
X_5: 0.07568462838719969
