X_0: 0.06093298408223857
X_1: 0.04073859039262007
X_2: 0.3225541535784676
X_3: 0.45231593273272086
X_4: 0.5407118317593906
X_5: 0.3822683138844519
