X_0: 0.8763891522960383
X_1: 0.13002857211827767
X_2: 0.3976768369855336
X_3: 0.6171449136207239
X_4: 0.860027948682888
X_5: 0.012555980159115854
