alpha: 0.7714948481815114
num.impute.selected.cpo: impute.mean
s: 5.637240747236933
