alpha: 0.5633292320826765
num.impute.selected.cpo: impute.mean
s: 3.9031705417209897
