alpha: 0.11432661067376437
num.impute.selected.cpo: impute.median
s: 1065.2365362394544
