alpha: 0.913491821439584
num.impute.selected.cpo: impute.mean
s: 26.34394674302281
