alpha: 0.8798372911697769
num.impute.selected.cpo: impute.median
s: 0.8549641238253071
