alpha: 0.3164410527775625
num.impute.selected.cpo: impute.hist
s: 10.926162706312745
