alpha: 0.318749669203762
num.impute.selected.cpo: impute.median
s: 0.023339642989116175
