alpha: 0.9761142404318123
num.impute.selected.cpo: impute.median
s: 0.9047981447304476
