alpha: 0.8263294181691948
num.impute.selected.cpo: impute.mean
s: 19.58030197984406
