alpha: 0.988174746749452
num.impute.selected.cpo: impute.mean
s: 0.005491292880383992
