alpha: 0.2606109211520584
num.impute.selected.cpo: impute.median
s: 246.39959387701353
