alpha: 0.15899802302347432
num.impute.selected.cpo: impute.mean
s: 172.00126803341252
