alpha: 0.3674481778010503
num.impute.selected.cpo: impute.mean
s: 0.003975589707139673
