alpha: 0.0704237862881405
num.impute.selected.cpo: impute.median
s: 0.002599332847170372
