alpha: 0.37030596631919066
num.impute.selected.cpo: impute.mean
s: 1.5919866625942563
