alpha: 0.4810093527512139
num.impute.selected.cpo: impute.mean
s: 0.06253635452672762
