alpha: 0.22972597016995933
num.impute.selected.cpo: impute.mean
s: 0.014959573453414709
