alpha: 0.6161115071404653
num.impute.selected.cpo: impute.median
s: 30.907903964439733
