alpha: 0.6172841912613186
num.impute.selected.cpo: impute.median
s: 0.20288789221516806
