alpha: 0.27086737345794765
num.impute.selected.cpo: impute.median
s: 0.18221277661697827
