alpha: 0.9495203885658999
num.impute.selected.cpo: impute.mean
s: 0.005708485704060809
