alpha: 0.3159298144786262
num.impute.selected.cpo: impute.median
s: 7.908132891192411
