alpha: 0.7851262445503853
num.impute.selected.cpo: impute.hist
s: 808.1934871130328
