alpha: 0.8636479177442672
num.impute.selected.cpo: impute.hist
s: 0.005087513952106776
