alpha: 0.48793181811094055
num.impute.selected.cpo: impute.median
s: 0.005819861692641727
