alpha: 0.13036849903852987
num.impute.selected.cpo: impute.median
s: 0.02425191897165164
