alpha: 0.3599379222321013
num.impute.selected.cpo: impute.mean
s: 0.0010012626298611068
