alpha: 0.9491934197685438
num.impute.selected.cpo: impute.hist
s: 0.1627212814495444
