alpha: 0.9236674942792127
num.impute.selected.cpo: impute.mean
s: 0.8594212128317187
