alpha: 0.28883546123222403
num.impute.selected.cpo: impute.hist
s: 364.01725603613824
