alpha: 0.4460894800687104
num.impute.selected.cpo: impute.median
s: 1.9632561365181416
