alpha: 0.28632529857259803
num.impute.selected.cpo: impute.mean
s: 0.0015293604180295103
