alpha: 0.5989364732572328
num.impute.selected.cpo: impute.mean
s: 1.8671073808813403
