alpha: 0.1653743094226724
num.impute.selected.cpo: impute.mean
s: 226.00719679744455
