alpha: 0.9591943634713207
num.impute.selected.cpo: impute.mean
s: 155.89097888836488
