alpha: 0.5267654761215731
num.impute.selected.cpo: impute.mean
s: 0.4092503380750648
