alpha: 0.1390537900727732
num.impute.selected.cpo: impute.mean
s: 5.556040086129531
