alpha: 0.6827898241473869
num.impute.selected.cpo: impute.hist
s: 984.9873658737847
