alpha: 0.2302799784053815
num.impute.selected.cpo: impute.median
s: 9.696024137318439
