alpha: 0.9456777130935488
num.impute.selected.cpo: impute.median
s: 6.47092164358774
