alpha: 0.30339610317140275
num.impute.selected.cpo: impute.hist
s: 26.24763663732238
