alpha: 0.07578353317437625
num.impute.selected.cpo: impute.hist
s: 0.006490831725456868
