alpha: 0.7569515296560937
num.impute.selected.cpo: impute.mean
s: 0.0012663338314101717
