alpha: 0.27668542168379173
num.impute.selected.cpo: impute.mean
s: 5.434165694274648
