alpha: 0.4821832750587792
num.impute.selected.cpo: impute.mean
s: 7.991233205021069
