alpha: 0.7088277978887462
num.impute.selected.cpo: impute.mean
s: 0.0026056173422613032
