alpha: 0.8152057767242218
num.impute.selected.cpo: impute.hist
s: 2.1223079855086158
