alpha: 0.9613511158712738
num.impute.selected.cpo: impute.mean
s: 1.3268068201080476
