alpha: 0.5290197762133875
num.impute.selected.cpo: impute.mean
s: 0.006501178550689465
