alpha: 0.6530918927681025
num.impute.selected.cpo: impute.mean
s: 0.15549758212722364
