alpha: 0.7570543382865995
num.impute.selected.cpo: impute.hist
s: 0.0040238655180212714
