alpha: 0.4466779543015438
num.impute.selected.cpo: impute.mean
s: 0.009878479642891834
