alpha: 0.38654537043221826
num.impute.selected.cpo: impute.hist
s: 197.7010375372737
