alpha: 0.16756323141647878
num.impute.selected.cpo: impute.median
s: 1.1458068512220947
