alpha: 0.021047626646693907
num.impute.selected.cpo: impute.mean
s: 0.09895258335073945
