alpha: 0.912303998168944
num.impute.selected.cpo: impute.mean
s: 36.498385243914036
