alpha: 0.6771144715886313
num.impute.selected.cpo: impute.median
s: 0.07906344629784443
