alpha: 0.10860326304299261
num.impute.selected.cpo: impute.hist
s: 8.927291370149147
