alpha: 0.32518981719108353
num.impute.selected.cpo: impute.median
s: 147.17314937163542
