alpha: 0.8741511576851849
num.impute.selected.cpo: impute.median
s: 1.3500308254588254
