alpha: 0.023077000917081536
num.impute.selected.cpo: impute.median
s: 1.6655317714826547
