alpha: 0.7062108895421608
num.impute.selected.cpo: impute.median
s: 0.0030566326521505815
