alpha: 0.9528818816697917
num.impute.selected.cpo: impute.median
s: 0.0030193203246792516
