alpha: 0.6220781142754337
num.impute.selected.cpo: impute.median
s: 2.3691906550067316
