alpha: 0.4455770503642722
num.impute.selected.cpo: impute.median
s: 123.02608627644462
