alpha: 0.3519494148032236
num.impute.selected.cpo: impute.median
s: 2.8021259466193222
