alpha: 0.3479330893023185
num.impute.selected.cpo: impute.median
s: 31.568937516507127
