alpha: 0.6730135050810979
num.impute.selected.cpo: impute.median
s: 0.008537373638123246
