alpha: 0.051199401095572195
num.impute.selected.cpo: impute.median
s: 0.001725377644954307
