alpha: 0.6136004495953545
num.impute.selected.cpo: impute.median
s: 0.011664525063022759
