alpha: 0.5016162554681193
num.impute.selected.cpo: impute.median
s: 22.78958225778906
