alpha: 0.34677843004381703
num.impute.selected.cpo: impute.median
s: 6.579411415270984
