alpha: 0.9060220205572119
num.impute.selected.cpo: impute.median
s: 661.334268407039
