alpha: 0.23955062740611444
num.impute.selected.cpo: impute.median
s: 250.95025430058772
