alpha: 0.7687341928596492
num.impute.selected.cpo: impute.mean
s: 1.430182881784118
