alpha: 0.3938303808020822
num.impute.selected.cpo: impute.hist
s: 0.0022250367978700865
