alpha: 0.5857299734134959
num.impute.selected.cpo: impute.mean
s: 5.518164503770944
