alpha: 0.17824640135399505
num.impute.selected.cpo: impute.median
s: 0.02951162772509959
