alpha: 0.3969011009267289
num.impute.selected.cpo: impute.mean
s: 0.0073710227158791195
