alpha: 0.21309086797609555
num.impute.selected.cpo: impute.median
s: 274.3632543677839
