alpha: 0.731941055800223
num.impute.selected.cpo: impute.median
s: 43.10252957869288
