alpha: 0.3212088364454485
num.impute.selected.cpo: impute.median
s: 647.3838209688694
