alpha: 0.9491934197685438
num.impute.selected.cpo: impute.hist
s: 287.6531571926179
