alpha: 0.21239596658477355
num.impute.selected.cpo: impute.mean
s: 3.5091039897822585
