alpha: 0.8249878301248026
num.impute.selected.cpo: impute.median
s: 19.620965753662652
