alpha: 0.8354606812114866
num.impute.selected.cpo: impute.median
s: 9.550021176119982
