alpha: 0.12207341296448093
num.impute.selected.cpo: impute.hist
s: 393.4500875318895
