alpha: 0.13716385281800414
num.impute.selected.cpo: impute.median
s: 16.196664974140756
