alpha: 0.9903479319855687
num.impute.selected.cpo: impute.mean
s: 0.008165368172586574
