alpha: 0.4171827020631458
num.impute.selected.cpo: impute.hist
s: 190.33912273650728
