alpha: 0.23955062740611444
num.impute.selected.cpo: impute.mean
s: 0.006894335095807101
