alpha: 0.3938334531802734
num.impute.selected.cpo: impute.hist
s: 0.0020945496656523395
