alpha: 0.8570938455038821
num.impute.selected.cpo: impute.median
s: 68.4149617137754
