alpha: 0.08476563493319145
num.impute.selected.cpo: impute.hist
s: 0.19108331255772384
