alpha: 0.9131634090293501
num.impute.selected.cpo: impute.hist
s: 75.54697188011113
