alpha: 0.15995724853804538
num.impute.selected.cpo: impute.mean
s: 0.46005196194039905
