alpha: 0.3510398599126705
num.impute.selected.cpo: impute.mean
s: 3.351795281987892
