alpha: 0.8345622506358589
num.impute.selected.cpo: impute.median
s: 9.158573083093428
