alpha: 0.4541650995150821
num.impute.selected.cpo: impute.median
s: 41.00456762347329
