alpha: 0.32581244322306546
num.impute.selected.cpo: impute.median
s: 83.22016580344976
