alpha: 0.815402512521757
num.impute.selected.cpo: impute.mean
s: 0.005619974183210077
