alpha: 0.05399260178243559
num.impute.selected.cpo: impute.median
s: 0.009827646421632663
