alpha: 0.06695705093369608
num.impute.selected.cpo: impute.mean
s: 11.136851168159218
