alpha: 0.5007502323291413
num.impute.selected.cpo: impute.hist
s: 16.473032936381085
