alpha: 0.17345633944414118
num.impute.selected.cpo: impute.hist
s: 0.005737685649797951
