alpha: 0.7862635378304327
num.impute.selected.cpo: impute.median
s: 0.0031072025234813033
