alpha: 0.8712417428125592
num.impute.selected.cpo: impute.mean
s: 5.995105194394351
