alpha: 0.2211578416858243
num.impute.selected.cpo: impute.hist
s: 0.772347259504946
