alpha: 0.7686420426681722
num.impute.selected.cpo: impute.median
s: 0.004810382032441209
