alpha: 0.5370017712710441
num.impute.selected.cpo: impute.hist
s: 218.38340814335928
