alpha: 0.5238283224069283
num.impute.selected.cpo: impute.mean
s: 0.9358908739207431
