alpha: 0.12271037169834431
num.impute.selected.cpo: impute.mean
s: 0.00850788516631435
