alpha: 0.2287287043874252
num.impute.selected.cpo: impute.mean
s: 5.0734694207020725
