alpha: 0.6532056354366544
num.impute.selected.cpo: impute.hist
s: 3.817199562713633
