alpha: 0.14449605677198818
num.impute.selected.cpo: impute.median
s: 0.0026941910056047136
