alpha: 0.1230686700270065
num.impute.selected.cpo: impute.mean
s: 26.37374107619963
