alpha: 0.8072164819990327
num.impute.selected.cpo: impute.mean
s: 0.018476033674641193
