alpha: 0.8496346185889116
num.impute.selected.cpo: impute.median
s: 1.2699430004955887
