alpha: 0.60473618576231
num.impute.selected.cpo: impute.mean
s: 283.6452129212151
