alpha: 0.4519065046182914
num.impute.selected.cpo: impute.hist
s: 0.008021039399896103
