alpha: 0.4887608594863657
num.impute.selected.cpo: impute.median
s: 3.169405603141931
