alpha: 0.31618524726031094
num.impute.selected.cpo: impute.hist
s: 0.012086770149695003
