alpha: 0.5737158171495351
num.impute.selected.cpo: impute.median
s: 0.5708083519720705
