alpha: 0.8707316191724204
num.impute.selected.cpo: impute.mean
s: 2.010497532068938
