alpha: 0.6454542952650782
num.impute.selected.cpo: impute.hist
s: 0.0018547419478611184
