alpha: 0.5782233008102186
num.impute.selected.cpo: impute.hist
s: 6.467666447076873
