alpha: 0.812046224359489
num.impute.selected.cpo: impute.hist
s: 65.55602428639428
