alpha: 0.4204372200241403
num.impute.selected.cpo: impute.hist
s: 0.0019388662743093756
