alpha: 0.7107795666107863
num.impute.selected.cpo: impute.median
s: 5.283955391802245
