alpha: 0.44358774908933307
num.impute.selected.cpo: impute.hist
s: 131.24022406683378
