alpha: 0.6831345209273468
num.impute.selected.cpo: impute.median
s: 1.5970452980972667
