alpha: 0.27682470239696677
num.impute.selected.cpo: impute.median
s: 6.724688104837221
