alpha: 0.8310164736769322
num.impute.selected.cpo: impute.median
s: 0.007687551897907114
