alpha: 0.829666206412493
num.impute.selected.cpo: impute.median
s: 2.23544997335515
