alpha: 0.7965864601668604
num.impute.selected.cpo: impute.hist
s: 355.2823907248778
