alpha: 0.5731103221283276
num.impute.selected.cpo: impute.mean
s: 0.0028264886516369304
