alpha: 0.7611243108670943
num.impute.selected.cpo: impute.mean
s: 995.8045734330959
