alpha: 0.19387370581572638
num.impute.selected.cpo: impute.median
s: 3.835816083286493
