alpha: 0.5687534693305795
num.impute.selected.cpo: impute.median
s: 0.31652167997405384
