alpha: 0.8643437524451951
num.impute.selected.cpo: impute.mean
s: 0.12323129226319607
