alpha: 0.43201836818319317
num.impute.selected.cpo: impute.hist
s: 53.239591189430314
