alpha: 0.21986834260622024
num.impute.selected.cpo: impute.hist
s: 351.58266165991176
