alpha: 0.09057019926571874
num.impute.selected.cpo: impute.hist
s: 0.3136611013123475
