alpha: 0.09360529658823813
num.impute.selected.cpo: impute.median
s: 0.5431544905890171
