alpha: 0.5248291322028683
num.impute.selected.cpo: impute.hist
s: 0.33629986424931513
