alpha: 0.21497144186017192
num.impute.selected.cpo: impute.hist
s: 0.03617397840047944
