alpha: 0.6468525996343931
num.impute.selected.cpo: impute.mean
s: 3.3435588960997222
