alpha: 0.6699413911584148
num.impute.selected.cpo: impute.hist
s: 0.32234301563539663
