alpha: 0.04569618548190835
num.impute.selected.cpo: impute.median
s: 0.00517091624194632
