alpha: 0.7458517612603252
num.impute.selected.cpo: impute.median
s: 336.72343838967544
