alpha: 0.09057019926571874
num.impute.selected.cpo: impute.hist
s: 898.1742053865005
