alpha: 0.20645638598212368
num.impute.selected.cpo: impute.median
s: 0.28250948297653516
