alpha: 0.5339127634491532
num.impute.selected.cpo: impute.mean
s: 1.2092753937762917
