alpha: 0.8913554896467147
num.impute.selected.cpo: impute.hist
s: 0.4425695562379872
