alpha: 0.8249878301248026
num.impute.selected.cpo: impute.mean
s: 12.250146971335548
