alpha: 0.687089217790917
num.impute.selected.cpo: impute.median
s: 186.95303985713923
