alpha: 0.19966228444300405
num.impute.selected.cpo: impute.mean
s: 0.03729718468192008
