alpha: 0.9033303148112821
num.impute.selected.cpo: impute.mean
s: 0.10594110165634987
