alpha: 0.49698459560164665
num.impute.selected.cpo: impute.hist
s: 15.460737862190838
