alpha: 0.8861593833799262
num.impute.selected.cpo: impute.median
s: 0.022053843358866402
