alpha: 0.4810093527512139
num.impute.selected.cpo: impute.mean
s: 1.2230417236410163
