alpha: 0.7279352896143179
num.impute.selected.cpo: impute.hist
s: 0.002899708316873322
