alpha: 0.3621528624961685
num.impute.selected.cpo: impute.median
s: 70.79173212179671
