alpha: 0.3616080141007587
num.impute.selected.cpo: impute.mean
s: 1.0669940657898707
