alpha: 0.03913381562564555
num.impute.selected.cpo: impute.median
s: 296.10724616448607
