alpha: 0.24073868345620297
num.impute.selected.cpo: impute.median
s: 3.486641460972348
