alpha: 0.07193025141827214
num.impute.selected.cpo: impute.mean
s: 0.010672042025822942
