alpha: 0.9123043276597295
num.impute.selected.cpo: impute.hist
s: 0.335707032112606
