alpha: 0.8425585010490942
num.impute.selected.cpo: impute.mean
s: 0.0026528096906318762
