alpha: 0.5822047814993431
num.impute.selected.cpo: impute.hist
s: 0.3448791219405259
