alpha: 0.18780370532252866
num.impute.selected.cpo: impute.mean
s: 2.5137677899857858
