alpha: 0.7862635378304327
num.impute.selected.cpo: impute.mean
s: 3.1609320637509475
