alpha: 0.49772240074790763
num.impute.selected.cpo: impute.hist
s: 0.07822114476891119
