alpha: 0.3832111930100426
num.impute.selected.cpo: impute.mean
s: 0.787368284759067
