alpha: 0.29256258897728493
num.impute.selected.cpo: impute.median
s: 1.335021411024788
