alpha: 0.088834133903674
num.impute.selected.cpo: impute.mean
s: 766.5091506022517
