alpha: 0.35428933697006626
num.impute.selected.cpo: impute.mean
s: 0.003264461500640191
