alpha: 0.10192847261384663
num.impute.selected.cpo: impute.mean
s: 75.36173780842016
