alpha: 0.5555166189535113
num.impute.selected.cpo: impute.hist
s: 4.236146310232514
