alpha: 0.3172971213864625
num.impute.selected.cpo: impute.mean
s: 3.142510232666219
