alpha: 0.9869626299411969
num.impute.selected.cpo: impute.median
s: 464.1596305643858
