alpha: 0.5671169570288587
num.impute.selected.cpo: impute.hist
s: 4.6578335940040425
