alpha: 0.23041786345524273
num.impute.selected.cpo: impute.mean
s: 0.024469306080609588
