alpha: 0.5682154126745201
num.impute.selected.cpo: impute.hist
s: 0.0019337982019021647
