alpha: 0.3114036879729519
num.impute.selected.cpo: impute.hist
s: 222.1406503623967
