alpha: 0.0036533803866841685
num.impute.selected.cpo: impute.mean
s: 0.014278263972768544
