alpha: 0.5947966799924552
num.impute.selected.cpo: impute.median
s: 2.900649774049888
