alpha: 0.7609419241914847
num.impute.selected.cpo: impute.hist
s: 218.58930040730326
