alpha: 0.10806047117812967
num.impute.selected.cpo: impute.median
s: 499.9765277898909
