alpha: 0.44179383805375305
num.impute.selected.cpo: impute.mean
s: 22.249948624276104
