alpha: 0.2590783826307873
num.impute.selected.cpo: impute.hist
s: 0.09649267394440356
