alpha: 0.93643192230702
num.impute.selected.cpo: impute.hist
s: 0.03568339842697613
