alpha: 0.3784688583137409
num.impute.selected.cpo: impute.median
s: 0.0019645516659265857
