alpha: 0.9762176442800519
num.impute.selected.cpo: impute.median
s: 277.265297201766
