alpha: 0.17961051505442416
num.impute.selected.cpo: impute.median
s: 308.35948141355374
