alpha: 0.250499790946078
num.impute.selected.cpo: impute.mean
s: 0.0410770466937307
