alpha: 0.053466612605812425
num.impute.selected.cpo: impute.mean
s: 619.7853794671003
