alpha: 0.6750583521466974
num.impute.selected.cpo: impute.median
s: 525.7169557079375
