alpha: 0.9177800913283302
num.impute.selected.cpo: impute.median
s: 4.635550326480436
