alpha: 0.2302799784053815
num.impute.selected.cpo: impute.hist
s: 366.89610529865786
