alpha: 0.9782051717954732
num.impute.selected.cpo: impute.hist
s: 0.7939936868766323
