alpha: 0.48616781910019213
num.impute.selected.cpo: impute.median
s: 225.8724606451298
