alpha: 0.04332759832527244
num.impute.selected.cpo: impute.mean
s: 0.0386395223025488
