alpha: 0.6523757889747156
num.impute.selected.cpo: impute.hist
s: 0.0034665280987099412
