alpha: 0.3487941980962965
num.impute.selected.cpo: impute.median
s: 0.0033133779136477436
