alpha: 0.7933469023329791
num.impute.selected.cpo: impute.median
s: 2.8103373694876113
