alpha: 0.28568189388530785
num.impute.selected.cpo: impute.median
s: 0.001659072665315337
