alpha: 0.8813924542118027
num.impute.selected.cpo: impute.hist
s: 33.68154570308692
