alpha: 0.2615086936282699
num.impute.selected.cpo: impute.median
s: 0.029619957833030296
