alpha: 0.20910446308818065
num.impute.selected.cpo: impute.median
s: 0.003669916463220272
