alpha: 0.386680852158129
num.impute.selected.cpo: impute.mean
s: 113.95556168156108
