alpha: 0.8611441172714619
num.impute.selected.cpo: impute.median
s: 0.005248534843537849
