alpha: 0.36988030445313447
num.impute.selected.cpo: impute.mean
s: 0.004688861930378072
