alpha: 0.6085625682783968
num.impute.selected.cpo: impute.hist
s: 0.006186734945779985
