alpha: 0.06989657105929825
num.impute.selected.cpo: impute.median
s: 1.3712063996931114
