alpha: 0.08203832961305635
num.impute.selected.cpo: impute.mean
s: 0.9306463721117048
