alpha: 0.31878988652436235
num.impute.selected.cpo: impute.median
s: 74.05294404109078
