alpha: 0.23513478373788455
num.impute.selected.cpo: impute.hist
s: 0.39771732979073393
