alpha: 0.3365766116907778
num.impute.selected.cpo: impute.mean
s: 624.7034017462607
