alpha: 0.5836246332273874
num.impute.selected.cpo: impute.mean
s: 1.1769822095096116
