alpha: 0.5258270664525955
num.impute.selected.cpo: impute.median
s: 2.0765527833158237
