alpha: 0.1266039255301986
num.impute.selected.cpo: impute.median
s: 0.038509890453499604
