alpha: 0.9782969455435547
num.impute.selected.cpo: impute.hist
s: 7.468665944886908
