alpha: 0.7733477329653494
num.impute.selected.cpo: impute.hist
s: 0.0009327506770595052
