alpha: 0.22627340150584685
num.impute.selected.cpo: impute.mean
s: 39.16505780700188
