alpha: 0.5276355221060018
num.impute.selected.cpo: impute.hist
s: 43.24833936345049
