alpha: 0.5619882687402104
num.impute.selected.cpo: impute.hist
s: 477.0724876682055
