alpha: 0.6771144715886313
num.impute.selected.cpo: impute.mean
s: 5.379291533019673
