alpha: 0.10159055975381948
num.impute.selected.cpo: impute.hist
s: 1.587106025456892
