alpha: 0.7055206020204555
num.impute.selected.cpo: impute.hist
s: 0.21334792954751725
