alpha: 0.6999205373592811
num.impute.selected.cpo: impute.median
s: 6.317392536915965
