alpha: 0.5782233008102186
num.impute.selected.cpo: impute.median
s: 0.0028756878378011497
