alpha: 0.42171593026754006
num.impute.selected.cpo: impute.hist
s: 142.2074278012226
