alpha: 0.38615680972038935
num.impute.selected.cpo: impute.mean
s: 8.956721301146263
