alpha: 0.8362512517745702
num.impute.selected.cpo: impute.hist
s: 0.017970964032495512
