alpha: 0.5976554209710186
num.impute.selected.cpo: impute.mean
s: 0.011524546364219634
