alpha: 0.9369367902196973
num.impute.selected.cpo: impute.mean
s: 0.020589197498662844
