alpha: 0.5302653378525592
num.impute.selected.cpo: impute.median
s: 3.28515223691111
