alpha: 0.6837546823530023
num.impute.selected.cpo: impute.mean
s: 61.19180947410502
