alpha: 0.4399146625235083
num.impute.selected.cpo: impute.mean
s: 112.453616372437
