alpha: 0.8251682429763468
num.impute.selected.cpo: impute.median
s: 2.4843626407546004
