alpha: 0.7422524009851051
num.impute.selected.cpo: impute.median
s: 292.64899236150785
