alpha: 0.49417844129889765
num.impute.selected.cpo: impute.hist
s: 0.02974364101355019
