alpha: 0.41326065114525556
num.impute.selected.cpo: impute.hist
s: 1.3749336450592382
