alpha: 0.7241349811723328
num.impute.selected.cpo: impute.median
s: 0.008589802411908029
