alpha: 0.6350921270143958
num.impute.selected.cpo: impute.mean
s: 0.8191063684787407
