alpha: 0.3561132468963042
num.impute.selected.cpo: impute.mean
s: 32.29715952117244
