alpha: 0.5329469799492073
num.impute.selected.cpo: impute.hist
s: 0.00346020475828029
