alpha: 0.8944683721611184
num.impute.selected.cpo: impute.median
s: 0.009497386863279089
