alpha: 0.9217913368676602
num.impute.selected.cpo: impute.hist
s: 664.7326191852127
