alpha: 0.31922420073464963
num.impute.selected.cpo: impute.hist
s: 82.96105313615617
