alpha: 0.85839764020743
num.impute.selected.cpo: impute.mean
s: 13.299021356040996
