alpha: 0.9120947344500977
num.impute.selected.cpo: impute.hist
s: 0.014759041833301035
