alpha: 0.3832111930100426
num.impute.selected.cpo: impute.median
s: 0.20425934083019423
