alpha: 0.7591369491311205
num.impute.selected.cpo: impute.median
s: 0.00681290094546066
