alpha: 0.7428338655208268
num.impute.selected.cpo: impute.hist
s: 44.05705440590352
