alpha: 0.506441388658679
num.impute.selected.cpo: impute.hist
s: 45.60058656357434
