alpha: 0.8015579576876836
num.impute.selected.cpo: impute.median
s: 547.7675471527367
