alpha: 0.19412647470790034
num.impute.selected.cpo: impute.hist
s: 0.0009658501722649647
