lr_decay_factor: 0.9809785313450927
lr_initial: 0.3939036986309976
lr_power: 0.8626602420901719
opt_momentum: 0.8790890161849404
