lr_decay_factor: 0.39827621471227664
lr_initial: 1.3817316255959675
lr_power: 0.4227917002818024
opt_momentum: 0.01832752810078664
