lr_decay_factor: 0.21008747158032215
lr_initial: 8.214594152320338
lr_power: 1.4185129845084163
opt_momentum: 0.9638772433683606
