lr_decay_factor: 0.1785161436603597
lr_initial: 3.164912647314985e-05
lr_power: 0.7898602225597461
opt_momentum: 0.7265203004429095
