lr_decay_factor: 0.8551635756069682
lr_initial: 0.22605027287207755
lr_power: 0.12461881997080468
opt_momentum: 0.7995147366079939
