lr_decay_factor: 0.9038372971040511
lr_initial: 6.234678674118581
lr_power: 1.504072484300813
opt_momentum: 0.7740284522850104
