lr_decay_factor: 0.7148907153869227
lr_initial: 6.744103121587826
lr_power: 1.938347856755555
opt_momentum: 0.4207204363764613
