lr_decay_factor: 0.8518010747997757
lr_initial: 0.19223006563626385
lr_power: 0.11809627654366328
opt_momentum: 0.7960821427732796
