lr_decay_factor: 0.18106845748441805
lr_initial: 8.399777086717267
lr_power: 0.16828633075479776
opt_momentum: 0.3662820797472513
