lr_decay_factor: 0.3189650659075937
lr_initial: 1.802009581235993
lr_power: 1.6334676077345687
opt_momentum: 0.4166226010148185
