lr_decay_factor: 0.07471915857677168
lr_initial: 6.734308726984032
lr_power: 1.1720241933103974
opt_momentum: 0.47190198920838294
