lr_decay_factor: 0.9180409591725707
lr_initial: 7.996237110875034
lr_power: 0.833900345662287
opt_momentum: 0.541970504556914
