lr_decay_factor: 0.6874896700607928
lr_initial: 2.8323632698186465
lr_power: 1.632989089137229
opt_momentum: 0.0029258997973357504
