lr_decay_factor: 0.01013404639259278
lr_initial: 0.38439648148166056
lr_power: 0.5021307336736108
opt_momentum: 0.34745631340859634
