lr_decay_factor: 0.7148907153869227
lr_initial: 0.8370353578050839
lr_power: 1.3889687179318975
opt_momentum: 0.9265852970805109
