lr_decay_factor: 0.872816704844729
lr_initial: 0.4036063608600994
lr_power: 0.15886217296329708
opt_momentum: 0.8175358542402441
