lr_decay_factor: 0.2938551617332776
lr_initial: 9.411607477677698
lr_power: 0.7990426410516439
opt_momentum: 0.05233646980671659
