lr_decay_factor: 0.9724273986449196
lr_initial: 5.072316524064341
lr_power: 0.21132620196907725
opt_momentum: 0.826171872709716
