lr_decay_factor: 0.03682206707099481
lr_initial: 7.3831085689947935
lr_power: 0.19524513689409959
opt_momentum: 0.6210961816413059
