lr_decay_factor: 0.6980813750463334
lr_initial: 6.565186336849872
lr_power: 0.6990864582385499
opt_momentum: 0.7470006360227334
