lr_decay_factor: 0.869297916823829
lr_initial: 0.1800075975268369
lr_power: 0.8866067719169632
opt_momentum: 0.6627977656342103
