lr_decay_factor: 0.44250337364332354
lr_initial: 8.299521916427302
lr_power: 1.397849527021849
opt_momentum: 0.6760956469236564
