lr_decay_factor: 0.6661035065676935
lr_initial: 9.73261576451506
lr_power: 1.1176462973414196
opt_momentum: 0.11468311004375495
