lr_decay_factor: 0.01013404639259278
lr_initial: 2.012277636251264
lr_power: 0.6953567213130747
opt_momentum: 0.9569340844435499
