lr_decay_factor: 0.8570549823110141
lr_initial: 0.24507413944222273
lr_power: 0.12828775064857173
opt_momentum: 0.8014455706400208
