lr_decay_factor: 0.9073713385226476
lr_initial: 2.6312512212444386
lr_power: 1.4810625969133193
opt_momentum: 0.7815093314626538
