lr_decay_factor: 0.42022204096315013
lr_initial: 3.105389817406203
lr_power: 0.2946729971101919
opt_momentum: 0.8949964114768717
