lr_decay_factor: 0.37637973187985835
lr_initial: 0.39003943418917314
lr_power: 0.24247973974405945
opt_momentum: 0.6868212394145716
