lr_decay_factor: 0.7104895846382815
lr_initial: 0.23638231888002662
lr_power: 1.5390535987346223
opt_momentum: 0.6102285649524687
