lr_decay_factor: 0.8389714209567294
lr_initial: 0.18221465846230098
lr_power: 0.4250304164284579
opt_momentum: 0.3476052663890026
