lr_decay_factor: 0.6196231640802703
lr_initial: 0.10897849086206739
lr_power: 0.1496462470366886
opt_momentum: 0.13111263180767077
