lr_decay_factor: 0.09645229739859011
lr_initial: 0.15093205998881945
lr_power: 0.6838991435893689
opt_momentum: 0.8114351859674844
