lr_decay_factor: 0.5413343990919903
lr_initial: 0.010366600581172628
lr_power: 0.18804170055229022
opt_momentum: 0.9989940217
