lr_decay_factor: 0.6277335153991458
lr_initial: 0.08066135230770297
lr_power: 0.9397991315050399
opt_momentum: 0.5308192180496721
