lr_decay_factor: 0.6673538019429374
lr_initial: 0.43799130816633475
lr_power: 1.1176953067052937
opt_momentum: 0.11468242697245255
