lr_decay_factor: 0.011270752373073891
lr_initial: 0.0173079994980706
lr_power: 0.5019878675238054
opt_momentum: 0.3474542431932099
