lr_decay_factor: 0.19856818438927987
lr_initial: 0.38747863860570075
lr_power: 0.6146633635602249
opt_momentum: 0.9028455912958555
