lr_decay_factor: 0.5385055305543929
lr_initial: 0.3064526981785374
lr_power: 1.4288297200265228
opt_momentum: 0.2696991407117103
