lr_decay_factor: 0.08897898106533009
lr_initial: 0.20075059021913416
lr_power: 1.761019939750499
opt_momentum: 0.4772122592423366
