lr_decay_factor: 0.19345402514833054
lr_initial: 0.18484054650551152
lr_power: 0.26163549825012355
opt_momentum: 0.6858286972649333
