lr_decay_factor: 0.4152175562305542
lr_initial: 0.17110055993729947
lr_power: 0.13396430027083972
opt_momentum: 0.5414439409706111
