lr_decay_factor: 0.3891254175562283
lr_initial: 0.21116794262900843
lr_power: 0.2686054417623133
opt_momentum: 0.40350397564036694
