lr_decay_factor: 0.8705833978768848
lr_initial: 0.00811020584840896
lr_power: 0.886583759011641
opt_momentum: 0.6627938162333179
