lr_decay_factor: 0.14855727578854533
lr_initial: 0.34959358450782196
lr_power: 1.893715109900278
opt_momentum: 0.5778324781610682
