lr_decay_factor: 0.4193034962741251
lr_initial: 0.3962446243444257
lr_power: 0.1369302007472986
opt_momentum: 0.1652367741418303
