lr_decay_factor: 0.5579555781761343
lr_initial: 0.12422286249852248
lr_power: 1.0778075116072166
opt_momentum: 0.44949177305673277
