lr_decay_factor: 0.10153175702603441
lr_initial: 0.29697006693223943
lr_power: 1.7987997531666853
opt_momentum: 0.3152383477151049
