lr_decay_factor: 0.39948013241015934
lr_initial: 0.06218951495830734
lr_power: 0.42262410166593856
opt_momentum: 0.018327419232500433
