lr_decay_factor: 0.15479064947754093
lr_initial: 0.38895240350615196
lr_power: 1.0335361288557807
opt_momentum: 0.7252837067730266
